/*
 * Omer Oktay Gultekin
 * 21901413
 * Section: 1
 */

Random BST size vs. height (Insertion)
-----------------------------------------
100 12
200 14
300 18
399 20
498 20
597 21
694 22
791 22
890 22
987 23
1083 23
1180 23
1273 23
1370 24
1469 24
1564 24
1659 24
1757 24
1851 25
1948 25
2038 25
2135 25
2228 25
2319 25
2412 25
2503 25
2596 26
2689 26
2781 27
2872 27
2959 27
3045 27
3135 27
3225 27
3316 27
3407 27
3499 27
3584 27
3670 27
3756 27
3844 27
3936 27
4024 28
4114 28
4207 28
4299 28
4389 28
4477 28
4562 28
4645 28
4736 28
4822 28
4905 28
4987 28
5068 28
5156 28
5241 29
5323 29
5405 30
5491 30
5570 30
5653 30
5734 30
5819 30
5900 30
5983 30
6058 30
6142 30
6217 30
6294 30
6371 30
6450 30
6532 30
6610 30
6690 30
6773 30
6850 30
6927 30
7002 30
7080 30
7161 30
7246 30
7329 30
7414 30
7495 30
7570 30
7646 30
7726 30
7808 30
7886 30
7964 30
8040 30
8116 30
8188 30
8256 30
8330 30
8408 30
8477 30
8554 30
8628 30

Random BST size vs. height (Deletion)
-----------------------------------------
8528 30
8428 30
8330 30
8230 30
8132 30
8033 30
7936 30
7838 30
7738 30
7641 30
7545 30
7447 30
7352 30
7256 30
7159 30
7062 30
6966 29
6874 29
6780 29
6687 29
6595 29
6499 29
6408 29
6319 29
6227 29
6131 29
6040 29
5943 29
5852 29
5760 29
5669 29
5578 29
5489 29
5395 29
5305 29
5214 29
5128 29
5037 28
4949 28
4858 28
4772 28
4681 28
4595 28
4504 28
4416 28
4331 28
4245 28
4157 28
4068 28
3977 28
3892 28
3806 28
3718 28
3633 28
3549 28
3462 28
3378 28
3298 28
3215 28
3132 28
3044 28
2964 28
2881 28
2796 27
2715 27
2628 27
2544 27
2462 27
2387 27
2307 26
2231 26
2150 26
2076 26
1992 26
1917 26
1840 25
1758 25
1682 25
1607 24
1524 24
1450 24
1371 24
1295 24
1212 24
1131 24
1057 23
982 23
900 23
826 23
747 23
672 21
594 20
525 20
450 20
378 20
295 18
221 16
148 14
74 12
0 0